m_4vars

ans =

    'Gradient Descent details:'


ans =

    'initial parameters:'


t_param =

    0.3517    0.8308    0.5853    0.5497    0.9172    0.2858    0.7572         0    0.7537
   -0.6070    0.3930         0    0.0280    0.1620    0.5570    0.0350         0    0.5678
   -0.5930    0.4070         0    0.0290    0.1670    0.5750    0.0710         0    0.0759
   -0.1230    0.8770         0         0    0.0370    0.5570    0.0090         0    0.0540
   -0.2370    0.7630         0   -0.0050    0.1390    0.6280    0.0360         0    0.1299


ans =

    'learning rates:'


t_alpha =

    0.1000    0.3000    0.6000    0.9000    1.2000    1.5000    1.8000    1.9000    2.0000    1.8500


ans =

    'calculating...'


ans =

    'error table:'


t_er =

    2.4940    2.4850    2.4828    2.4826    2.4826    2.4826    2.4826    2.4826    9.8984    2.4826
    2.4933    2.4849    2.4828    2.4826    2.4826    2.4826    2.4826    2.4826    9.4353    2.4826
    2.4940    2.4850    2.4828    2.4826    2.4826    2.4826    2.4826    2.4826    9.6724    2.4826
    2.4940    2.4850    2.4828    2.4826    2.4826    2.4826    2.4826    2.4826    9.7068    2.4826
    2.4940    2.4850    2.4828    2.4826    2.4826    2.4826    2.4826    2.4826    9.3520    2.4826
    2.4936    2.4849    2.4828    2.4826    2.4826    2.4826    2.4826    2.4826    9.9621    2.4826
    2.4939    2.4850    2.4828    2.4826    2.4826    2.4826    2.4826    2.4826    9.5064    2.4826
    2.4940    2.4850    2.4828    2.4826    2.4826    2.4826    2.4826    2.4826   10.2392    2.4826
    2.4943    2.4851    2.4828    2.4826    2.4826    2.4826    2.4826    2.4826    9.5097    2.4826


ans =

    'min RMSE for params:'


ans =

    2.4826    2.4826    2.4826    2.4826    2.4826    2.4826    2.4826    2.4826    2.4826


ans =

    'minimum RMSE is:'


ans =

    2.4826
