m_full

ans =

    'Gradient Descent details:'


ans =

    'initial parameters:'


t_param =

    0.2769    0.0462    0.0971    0.8235    0.6948    0.3171    0.9502         0    0.0344
   -0.5260    0.4740         0   -0.0260    0.4110   -0.0350    0.4740         0    0.4387
   -0.6070    0.3930         0    0.0280    0.1620    0.5570    0.0350         0    0.3816
   -0.5930    0.4070         0    0.0290    0.1670    0.5750    0.0710         0    0.7655
   -0.1230    0.8770         0         0    0.0370    0.5570    0.0090         0    0.7952
   -0.2930    0.7070         0   -0.0100    0.1740    0.5400   -0.2150         0    0.1869
   -0.2410    0.7590         0   -0.0160    0.1490    0.4210   -0.1240         0    0.4898
   -0.2370    0.7630         0   -0.0130    0.1440    0.5040   -0.0120         0    0.4456
   -0.2370    0.7630         0   -0.0050    0.1390    0.6280    0.0360         0    0.6463


ans =

    'learning rates:'


t_alpha =

    0.1000    0.3000    0.6000    0.9000    1.2000    1.5000    1.8000    1.9000    2.0000    1.8500


ans =

    'calculating...'


ans =

    'error table:'


t_er =

    2.2524    2.2302    2.2199    2.2167    2.2156    2.2153    2.2151    2.2151    9.9076    2.2151
    2.2521    2.2302    2.2200    2.2167    2.2156    2.2153    2.2151    2.2151   10.1326    2.2151
    2.2524    2.2302    2.2199    2.2167    2.2156    2.2153    2.2151    2.2151   10.0829    2.2151
    2.2524    2.2302    2.2199    2.2167    2.2156    2.2153    2.2151    2.2151    9.3757    2.2151
    2.2524    2.2302    2.2199    2.2167    2.2156    2.2153    2.2151    2.2151    9.5007    2.2151
    2.2521    2.2302    2.2200    2.2167    2.2156    2.2153    2.2151    2.2151    9.8684    2.2151
    2.2526    2.2303    2.2200    2.2167    2.2156    2.2153    2.2151    2.2151    9.2525    2.2151
    2.2524    2.2302    2.2199    2.2167    2.2156    2.2153    2.2151    2.2151   10.1777    2.2151


ans =

    'min RMSE for params:'


ans =

    2.2151    2.2151    2.2151    2.2151    2.2151    2.2151    2.2151    2.2151


ans =

    'minimum RMSE is:'


ans =

    2.2151
