t_full

alpha =

    1.8000


rep =

       10000


p =

    9.9337
    0.1270
   -1.1921
    7.9952
   13.3942
   25.1025
  -29.6382
   -7.1211
    9.0790


c =

    2.4534


e =

    2.2151

Exact-Prediction Rate: 24.8025